- id: sat_ziyuan_3_02
  norad_catalog_id: 41556
  tle_line1: 1 41556U 16033A   26095.51054204  .00008407  00000+0  37715-3 0  9991
  tle_line2: 2 41556  97.3858 172.6674 0013648 185.2791 174.8304 15.21364482546931
  pixel_ifov_deg: 0.00017
  cross_track_pixels: 6000
  max_off_nadir_deg: 25.0
  max_slew_velocity_deg_per_s: 0.78
  max_slew_acceleration_deg_per_s2: 0.08
  settling_time_s: 2.5
  min_obs_duration_s: 2.0
  max_obs_duration_s: 60.0
- id: sat_deimos_2
  norad_catalog_id: 40013
  tle_line1: 1 40013U 14033D   26095.56276804 -.00000552  00000+0 -47354-4 0  9999
  tle_line2: 2 40013  97.5930 332.5717 0001301 109.2674 250.8687 14.93523134626886
  pixel_ifov_deg: 0.00022
  cross_track_pixels: 12000
  max_off_nadir_deg: 30.0
  max_slew_velocity_deg_per_s: 1.95
  max_slew_acceleration_deg_per_s2: 0.95
  settling_time_s: 1.9
  min_obs_duration_s: 2.0
  max_obs_duration_s: 60.0
